RS: 3882
RS: 3882
RS: 3882
RS: 3882
serial
maxmem1=344.84375
t1=65.83539181621745
t2=65.38151195412502
parallel
maxmem3=6681.86328125
t3=4.589119225973263
t4=4.212656997842714
