2024-04-24 01:10:35.458338
dataset='linux'
prog='LeeBCC'
max_runs=1000
max_secs=40000

graph size: N=30817, E=213735
Subgraphing: lcc
Graph read time:
0.681844072882086

Run times:
RS: 27876
RS: 27876
T: 10040.634270966053
M: 533.42578125

RS: 27876
RS: 27876
T: 9968.820463230833
M: 608.15234375

RS: 27876
RS: 27876
T: 10443.727354128147
M: 620.5390625

RS: 27876
RS: 27876
T: 8639.864127004053
M: 636.2890625

