2024-04-24 01:10:31.963112
dataset='email-EuAll'
prog='LeeBCC'
max_runs=1000
max_secs=40000

graph size: N=224832, E=340795
Subgraphing: lcc
Graph read time:
2.3178682590369135

Run times:
RS: 36106
RS: 36106
T: 11115.085276080063
M: 1069.04296875

RS: 36106
RS: 36106
T: 11239.550751126138
M: 1245.80078125

RS: 36106
RS: 36106
T: 11157.385413805023
M: 1275.8203125

