2024-04-24 01:10:33.447518
dataset='email-EuAll'
prog='iCentral'
max_runs=1000
max_secs=40000

graph size: N=224832, E=340795
Subgraphing: lcc
Graph read time:
3.114472721936181

Run times:
RS: 25463
RS: 25463
T: 14631.057076605968
M: 1152.60546875

RS: 16894
RS: 16894
T: 8290.17900917586
M: 1258.12890625

RS: 16274
RS: 16274
T: 6847.714313081
M: 1301.1796875

RS: 12910
RS: 12910
T: 4984.716873398982
M: 1284.53125

