2024-04-23 04:57:51.801530
dataset='epinions'
prog='iCentral_p'
max_runs=1000
max_secs=40000

graph size: N=119130, E=704572
Subgraphing: lcc
Graph read time:
3.1925253430381417

Run times:
RS: 18613
T: 1848.6987189331558
M: 25490.13671875

RS: 33703
T: 7411.055565876886
M: 27407.53515625

RS: 21620
T: 2560.132736159023
M: 24528.484375

RS: 17163
T: 2210.951434994815
M: 27126.84375

RS: 34541
T: 16549.391868771054
M: 29444.171875

RS: 36155
