2024-04-28 16:39:07.869732
dataset='elec'
max_runs=10
max_secs=40000
cores=20

graph size: N=7066, E=100721
Subgraphing: lcc
Graph read time:
0.318824402987957

Current memory usage:
M: 196.9921875
Run times:
RS: 887
T: 3.600947970058769

RS: 1579
T: 5.536490038968623

RS: 1322
T: 4.9935165559872985

RS: 1374
T: 4.982175716198981

RS: 1311
T: 5.118062592111528

RS: 1376
T: 5.036862646928057

RS: 1586
T: 5.578887708019465

RS: 1489
T: 5.4279853098560125

RS: 1479
T: 5.201548089971766

RS: 3372
T: 11.90793433203362

