2024-04-23 03:58:06.952221
dataset='email-EuAll'
prog='iCentral'
max_runs=1000
max_secs=40000

graph size: N=224832, E=340795
Subgraphing: lcc
Graph read time:
3.188472192035988

Run times:
RS: 25463
T: 7958.009651141008
M: 1147.4453125

RS: 16894
T: 5331.948737964034
M: 1217.734375

RS: 16274
T: 4945.803691100096
M: 1249.953125

RS: 12910
T: 3658.890796517022
M: 1295.0859375

RS: 30153
T: 8968.211557246046
M: 1320.203125

RS: 14856
T: 4613.097925366135
M: 1320.203125

