2024-04-23 03:58:06.952219
dataset='email-EuAll'
prog='LeeBCC'
max_runs=1000
max_secs=40000

graph size: N=224832, E=340795
Subgraphing: lcc
Graph read time:
2.987516801804304

Run times:
RS: 36106
T: 7638.314474823885
M: 1068.25

RS: 36106
T: 7340.980171468109
M: 1185.2734375

RS: 36106
T: 7142.588999306085
M: 1252.1015625

RS: 36106
T: 7114.367582136067
M: 1308.43359375

RS: 36106
T: 7323.83136132895
M: 1266.5390625

